training word2vec with regression classification method, and sum pooling
Results: [0.44725362583614003, 0.4381880339143175, 0.5253596412699749, 0.49445556201798746, 0.5139423790882782] 
 Mean: 0.4838398484253396 
 Stdev: 0.03925999483173344
 
training word2vec with regression classification method, and average pooling
Results: [0.4251264566525803, 0.42573119981243773, 0.48889621430306396, 0.4036036036036036, 0.40996930364460793] 
 Mean: 0.4306653556032587 
 Stdev: 0.03393568618665539
 
training word2vec with regression classification method, and max pooling
Results: [0.4512025893606975, 0.4311498449458456, 0.41216974077766705, 0.48799141041214555, 0.45464058690594145] 
 Mean: 0.44743083448045945 
 Stdev: 0.028371562937943382
 
training word2vec with lstm classification method, and all pooling
Results: [0.4036036036036036, 0.4036036036036036, 0.4036036036036036, 0.4036036036036036, 0.4036036036036036] 
 Mean: 0.4036036036036036 
 Stdev: 0.0

